Start
600
2.9792253760085976
2.9792253760085976
2.9792253760085976
2.8409338198108536
2.8409338198108536
2.8409338198108536
2.8409338198108536
2.9347516803890192
2.9347516803890192
2.9347516803890192
2.9347516803890192
2.959507800872296
2.959507800872296
2.959507800872296
2.959507800872296
2.959507800872296
2.9532384980814697
2.9532384980814697
2.9532384980814697
2.9532384980814697
2.9979009782961064
2.9979009782961064
2.9979009782961064
2.9979009782961064
2.9833361523809487
2.9833361523809487
2.9833361523809487
2.9833361523809487
2.9833361523809487
2.9335807941055942
2.9335807941055942
2.9335807941055942
2.9335807941055942
2.9675110588911013
2.9675110588911013
2.9675110588911013
2.9675110588911013
2.999281030123588
2.999281030123588
2.999281030123588
2.999281030123588
2.999281030123588
2.9483252797439015
2.9483252797439015
2.9483252797439015
2.9483252797439015
2.933082559755205
2.933082559755205
2.933082559755205
2.933082559755205
2.933082559755205
2.9717904373302164
2.9717904373302164
2.9717904373302164
2.9717904373302164
2.9446362189815494
2.9446362189815494
2.9446362189815494
2.9446362189815494
2.9620681121922168
2.9620681121922168
2.9620681121922168
2.9620681121922168
2.9620681121922168
2.791396488350117
2.791396488350117
2.791396488350117
2.791396488350117
2.9182797618881224
2.9182797618881224
2.9182797618881224
2.9182797618881224
2.9182797618881224
2.912512774981411
2.912512774981411
2.912512774981411
2.912512774981411
2.869739412547096
2.869739412547096
2.869739412547096
2.869739412547096
2.869739412547096
2.857318949774284
2.857318949774284
2.857318949774284
2.857318949774284
2.890476662786023
2.890476662786023
2.890476662786023
2.890476662786023
2.890476662786023
2.883825846919116
2.883825846919116
2.883825846919116
2.883825846919116
2.893280536663475
2.893280536663475
2.893280536663475
2.893280536663475
2.893280536663475
2.8806013591148236
2.8806013591148236
2.8806013591148236
2.8806013591148236
2.902532395598379
2.902532395598379
2.902532395598379
2.902532395598379
2.902532395598379
2.885922545251132
2.885922545251132
2.885922545251132
2.885922545251132
2.900376650643249
2.900376650643249
2.900376650643249
2.900376650643249
2.9139858257546423
2.9139858257546423
2.9139858257546423
2.9139858257546423
2.9139858257546423
2.771616549903176
2.771616549903176
2.771616549903176
2.771616549903176
2.771616549903176
2.9295702157025962
2.9295702157025962
2.9295702157025962
2.9295702157025962
2.9232410169682623
2.9232410169682623
2.9232410169682623
2.9232410169682623
2.9478199716456253
2.9478199716456253
2.9478199716456253
2.9478199716456253
2.9478199716456253
2.9318963966089555
2.9318963966089555
2.9318963966089555
2.9318963966089555
2.9283917073125867
2.9283917073125867
2.9283917073125867
2.9283917073125867
2.9464717727698995
2.9464717727698995
2.9464717727698995
2.9464717727698995
2.9464717727698995
2.95577522007229
2.95577522007229
2.95577522007229
2.95577522007229
2.9513717977580747
2.9513717977580747
2.9513717977580747
2.9513717977580747
2.9513717977580747
2.8692483984481125
2.8692483984481125
2.8692483984481125
2.8692483984481125
2.877886699583721
2.877886699583721
2.877886699583721
2.877886699583721
2.877886699583721
2.91563466458875
2.91563466458875
2.91563466458875
2.91563466458875
2.8843061953292164
2.8843061953292164
2.8843061953292164
2.8843061953292164
2.8843061953292164
2.8446699500305934
2.8446699500305934
2.8446699500305934
2.8446699500305934
2.6787098715882487
2.6787098715882487
2.6787098715882487
2.6787098715882487
2.6787098715882487
2.8420138453622137
2.8420138453622137
2.8420138453622137
2.8420138453622137
2.8420138453622137
2.846559114773056
2.846559114773056
2.846559114773056
2.846559114773056
2.86332263394769
2.86332263394769
2.86332263394769
2.86332263394769
2.9036505887089503
2.9036505887089503
2.9036505887089503
2.9036505887089503
2.9036505887089503
2.8660421317598397
2.8660421317598397
2.8660421317598397
2.8660421317598397
2.8685967678997835
2.8685967678997835
2.8685967678997835
2.8685967678997835
2.8685967678997835
2.8737059481668847
2.8737059481668847
2.8737059481668847
2.8737059481668847
2.8880283921384686
2.8880283921384686
2.8880283921384686
2.8880283921384686
2.8880283921384686
2.8902924256284193
2.8902924256284193
2.8902924256284193
2.8902924256284193
2.8961581624819472
2.8961581624819472
2.8961581624819472
2.8961581624819472
2.8961581624819472
2.879003391300563
2.879003391300563
2.879003391300563
2.879003391300563
2.870665159494596
2.870665159494596
2.870665159494596
2.870665159494596
2.870665159494596
2.59035955124703
2.59035955124703
2.59035955124703
2.59035955124703
2.59035955124703
2.851275824158849
2.851275824158849
2.851275824158849
2.851275824158849
2.8685860390827367
2.8685860390827367
2.8685860390827367
2.8685860390827367
2.8685860390827367
2.8482843944172416
2.8482843944172416
2.8482843944172416
2.8482843944172416
2.9288908337988158
2.9288908337988158
2.9288908337988158
2.9288908337988158
2.9288908337988158
2.9640953894497333
2.9640953894497333
2.9640953894497333
2.9640953894497333
2.9911018561734157
2.9911018561734157
2.9911018561734157
2.9911018561734157
2.9704233248743517
2.9704233248743517
2.9704233248743517
2.9704233248743517
2.9704233248743517
2.948670123611522
2.948670123611522
2.948670123611522
2.948670123611522
3.0189580226495254
3.0189580226495254
3.0189580226495254
3.0189580226495254
2.914153057362964
2.914153057362964
2.914153057362964
2.914153057362964
2.914153057362964
2.89564839382472
2.89564839382472
2.89564839382472
2.89564839382472
2.9380738383347587
2.9380738383347587
2.9380738383347587
2.9380738383347587
2.9380738383347587
2.779253939049463
2.779253939049463
2.779253939049463
2.779253939049463
2.8746603904011527
2.8746603904011527
2.8746603904011527
2.8746603904011527
2.8746603904011527
2.8904506127212186
2.8904506127212186
2.8904506127212186
2.8904506127212186
2.9335825020222805
2.9335825020222805
2.9335825020222805
2.9335825020222805
2.9335825020222805
2.8823730474170386
2.8823730474170386
2.8823730474170386
2.8823730474170386
2.9623894601049314
2.9623894601049314
2.9623894601049314
2.9623894601049314
2.975731967253968
2.975731967253968
2.975731967253968
2.975731967253968
2.975731967253968
2.964606205883606
2.964606205883606
2.964606205883606
2.964606205883606
2.939265357652246
2.939265357652246
2.939265357652246
2.939265357652246
2.9354156535241573
2.9354156535241573
2.9354156535241573
2.9354156535241573
2.9354156535241573
2.967680447082881
2.967680447082881
2.967680447082881
2.967680447082881
2.938743792288262
2.938743792288262
2.938743792288262
2.938743792288262
2.9204270375623773
2.9204270375623773
2.9204270375623773
2.9204270375623773
2.9204270375623773
2.952206382576971
2.952206382576971
2.952206382576971
2.952206382576971
2.8201472199358513
2.8201472199358513
2.8201472199358513
2.8201472199358513
2.8201472199358513
2.92955978812446
2.92955978812446
2.92955978812446
2.92955978812446
2.9629019166066968
2.9629019166066968
2.9629019166066968
2.9629019166066968
2.9629019166066968
2.9059328237728357
2.9059328237728357
2.9059328237728357
2.9059328237728357
2.9417597997797005
2.9417597997797005
2.9417597997797005
2.9417597997797005
2.9617209083581475
2.9617209083581475
2.9617209083581475
2.9617209083581475
2.9617209083581475
2.9171325310073426
2.9171325310073426
2.9171325310073426
2.9171325310073426
2.9729836504160585
2.9729836504160585
2.9729836504160585
2.9729836504160585
2.95611168495885
2.95611168495885
2.95611168495885
2.95611168495885
2.95611168495885
2.9982336315649873
2.9982336315649873
2.9982336315649873
2.9982336315649873
2.9906116707287995
2.9906116707287995
2.9906116707287995
2.9906116707287995
2.9757309309292683
2.9757309309292683
2.9757309309292683
2.9757309309292683
2.9757309309292683
2.955096217911019
2.955096217911019
2.955096217911019
2.955096217911019
2.974884258460229
2.974884258460229
2.974884258460229
2.974884258460229
2.974884258460229
2.8186658888044254
2.8186658888044254
2.8186658888044254
2.8186658888044254
2.875616514185521
2.875616514185521
2.875616514185521
2.875616514185521
2.875616514185521
2.906104037120171
2.906104037120171
2.906104037120171
2.906104037120171
2.8896505547755056
2.8896505547755056
2.8896505547755056
2.8896505547755056
2.9382593201582945
2.9382593201582945
2.9382593201582945
2.9382593201582945
2.9382593201582945
2.9659710598890947
2.9659710598890947
2.9659710598890947
2.9659710598890947
2.9415962969764835
2.9415962969764835
2.9415962969764835
2.9415962969764835
2.9415962969764835
2.945477267723524
2.945477267723524
2.945477267723524
2.945477267723524
2.9848851608528566
2.9848851608528566
2.9848851608528566
2.9848851608528566
2.9786826072820247
2.9786826072820247
2.9786826072820247
2.9786826072820247
2.9786826072820247
2.9270566888561693
2.9270566888561693
2.9270566888561693
2.9270566888561693
2.9855827127752015
2.9855827127752015
2.9855827127752015
2.9855827127752015
2.958818668028556
2.958818668028556
2.958818668028556
2.958818668028556
2.958818668028556
2.8839912766035516
2.8839912766035516
2.8839912766035516
2.8839912766035516
2.9344056598189825
2.9344056598189825
2.9344056598189825
2.9344056598189825
2.9344056598189825
2.9561199899667665
2.9561199899667665
2.9561199899667665
2.9561199899667665
2.955772782470519
2.955772782470519
2.955772782470519
2.955772782470519
2.9410883960438032
2.9410883960438032
2.9410883960438032
2.9410883960438032
2.9410883960438032
2.9779724519919397
2.9779724519919397
2.9779724519919397
2.9779724519919397
2.98400989814742
2.98400989814742
2.98400989814742
2.98400989814742
2.9858997942616403
2.9858997942616403
2.9858997942616403
2.9858997942616403
2.9858997942616403
2.9591709925748013
2.9591709925748013
2.9591709925748013
2.9591709925748013
2.9215926541565578
2.9215926541565578
2.9215926541565578
2.9215926541565578
2.901522349296014
2.901522349296014
2.901522349296014
2.901522349296014
2.901522349296014
2.95035954763289
2.95035954763289
2.95035954763289
2.95035954763289
2.9949423977322684
2.9949423977322684
2.9949423977322684
2.9949423977322684
2.9949423977322684
2.9395895124435882
2.9395895124435882
2.9395895124435882
2.9395895124435882
2.9395895124435882
2.450144207415443
2.450144207415443
2.450144207415443
2.450144207415443
2.9161653038929938
2.9161653038929938
2.9161653038929938
2.9161653038929938
2.9161653038929938
2.9087264292992017
2.9087264292992017
2.9087264292992017
2.9087264292992017
2.915804439710065
2.915804439710065
2.915804439710065
2.915804439710065
2.9161377769599834
2.9161377769599834
2.9161377769599834
2.9161377769599834
2.9161377769599834
2.8945256122290726
2.8945256122290726
2.8945256122290726
2.8945256122290726
2.8870526076848417
2.8870526076848417
2.8870526076848417
2.8870526076848417
2.8870526076848417
2.887050144070259
2.887050144070259
2.887050144070259
2.887050144070259
2.9372407434893306
2.9372407434893306
2.9372407434893306
2.9372407434893306
2.9372407434893306
2.918618008943695
2.918618008943695
2.918618008943695
2.918618008943695
2.942431665219117
2.942431665219117
2.942431665219117
2.942431665219117
2.9302445535079875
2.9302445535079875
2.9302445535079875
2.9302445535079875
2.9302445535079875
2.9327417245582454
2.9327417245582454
2.9327417245582454
2.9327417245582454
Done
