2.927954930726197
2.927954930726197
2.927954930726197
2.9192803435602617
2.9192803435602617
2.9192803435602617
2.9192803435602617
2.884803852109268
2.884803852109268
2.884803852109268
2.884803852109268
2.884803852109268
2.892562922190929
2.892562922190929
2.892562922190929
2.892562922190929
2.843725469614511
2.843725469614511
2.843725469614511
2.843725469614511
2.843725469614511
2.8021365182584796
2.8021365182584796
2.8021365182584796
2.8021365182584796
2.8021365182584796
2.8021365182584796
2.0988980228613645
2.0988980228613645
2.0988980228613645
2.0988980228613645
2.0988980228613645
2.0988980228613645
2.0988980228613645
2.0988980228613645
1.4998346386672234
1.4998346386672234
1.4998346386672234
1.4998346386672234
1.4998346386672234
1.4998346386672234
2.1290372045860675
2.1290372045860675
2.1290372045860675
2.1290372045860675
2.1290372045860675
2.8391867977514558
2.8391867977514558
2.8391867977514558
2.8391867977514558
2.842331452162511
2.842331452162511
2.842331452162511
2.842331452162511
2.842331452162511
2.842472370445587
2.842472370445587
2.842472370445587
2.842472370445587
2.842472370445587
2.847691353124259
2.847691353124259
2.847691353124259
2.847691353124259
2.8817235708525133
2.8817235708525133
2.8817235708525133
2.8817235708525133
2.8817235708525133
2.8778634691088802
2.8778634691088802
2.8778634691088802
2.8778634691088802
2.8590258357657485
2.8590258357657485
2.8590258357657485
2.8590258357657485
2.8590258357657485
2.864657797754362
2.864657797754362
2.864657797754362
2.864657797754362
2.8740154868153294
2.8740154868153294
2.8740154868153294
2.8740154868153294
2.8740154868153294
2.6300741459426646
2.6300741459426646
2.6300741459426646
2.6300741459426646
2.8695394175207496
2.8695394175207496
2.8695394175207496
2.8695394175207496
2.8695394175207496
2.8714486791175275
2.8714486791175275
2.8714486791175275
2.8714486791175275
2.8823767964962563
2.8823767964962563
2.8823767964962563
2.8823767964962563
2.8823767964962563
2.879961688974461
2.879961688974461
2.879961688974461
2.879961688974461
2.89030130313047
2.89030130313047
2.89030130313047
2.89030130313047
2.89030130313047
2.862247879166284
2.862247879166284
2.862247879166284
2.862247879166284
2.838243118195199
2.838243118195199
2.838243118195199
2.838243118195199
2.838243118195199
2.9172968947973468
2.9172968947973468
2.9172968947973468
2.9172968947973468
2.8896809166951325
2.8896809166951325
2.8896809166951325
2.8896809166951325
2.8896809166951325
2.9625790205250206
2.9625790205250206
2.9625790205250206
2.9625790205250206
2.9615396586277942
2.9615396586277942
2.9615396586277942
2.9615396586277942
2.9272269626272513
2.9272269626272513
2.9272269626272513
2.9272269626272513
2.9272269626272513
2.6454104884836287
2.6454104884836287
2.6454104884836287
2.6454104884836287
2.6454104884836287
2.9059458446947786
2.9059458446947786
2.9059458446947786
2.9059458446947786
2.8945343677741415
2.8945343677741415
2.8945343677741415
2.8945343677741415
2.8945343677741415
2.9058555277398996
2.9058555277398996
2.9058555277398996
2.9058555277398996
2.963089840503341
2.963089840503341
2.963089840503341
2.963089840503341
2.94429604213959
2.94429604213959
2.94429604213959
2.94429604213959
2.94429604213959
2.9743598687859083
2.9743598687859083
2.9743598687859083
2.9743598687859083
2.94630451883066
2.94630451883066
2.94630451883066
2.94630451883066
2.950553392558091
2.950553392558091
2.950553392558091
2.950553392558091
2.950553392558091
2.930074053625387
2.930074053625387
2.930074053625387
2.930074053625387
2.962058230906937
2.962058230906937
2.962058230906937
2.962058230906937
2.962058230906937
2.9892188325449767
2.9892188325449767
2.9892188325449767
2.9892188325449767
2.9857382157120766
2.9857382157120766
2.9857382157120766
2.9857382157120766
2.932523467591884
2.932523467591884
2.932523467591884
2.932523467591884
2.932523467591884
2.8612677862630447
2.8612677862630447
2.8612677862630447
2.8612677862630447
2.954241447307684
2.954241447307684
2.954241447307684
2.954241447307684
2.954241447307684
2.943610141909886
2.943610141909886
2.943610141909886
2.943610141909886
2.961198099315358
2.961198099315358
2.961198099315358
2.961198099315358
2.987980680194795
2.987980680194795
2.987980680194795
2.987980680194795
2.987980680194795
2.987993339803129
2.987993339803129
2.987993339803129
2.987993339803129
2.9785002351901095
2.9785002351901095
2.9785002351901095
2.9785002351901095
2.9347287189248275
2.9347287189248275
2.9347287189248275
2.9347287189248275
2.9347287189248275
2.967350472619959
2.967350472619959
2.967350472619959
2.967350472619959
2.9958007847397496
2.9958007847397496
2.9958007847397496
2.9958007847397496
2.996245018064651
2.996245018064651
2.996245018064651
2.996245018064651
2.996245018064651
2.9829688324741657
2.9829688324741657
2.9829688324741657
2.9829688324741657
2.978149253161712
2.978149253161712
2.978149253161712
2.978149253161712
2.978149253161712
2.7064069735737455
2.7064069735737455
2.7064069735737455
2.7064069735737455
2.909384620640213
2.909384620640213
2.909384620640213
2.909384620640213
2.9512121658113144
2.9512121658113144
2.9512121658113144
2.9512121658113144
2.9512121658113144
2.972640903264833
2.972640903264833
2.972640903264833
2.972640903264833
2.985915855874113
2.985915855874113
2.985915855874113
2.985915855874113
2.985915855874113
2.945124276868992
2.945124276868992
2.945124276868992
2.945124276868992
2.9564647364937233
2.9564647364937233
2.9564647364937233
2.9564647364937233
2.9871174505631752
2.9871174505631752
2.9871174505631752
2.9871174505631752
2.9871174505631752
2.9873752005216936
2.9873752005216936
2.9873752005216936
2.9873752005216936
2.9850579279685423
2.9850579279685423
2.9850579279685423
2.9850579279685423
2.959161160424843
2.959161160424843
2.959161160424843
2.959161160424843
2.959161160424843
2.9921606284179765
2.9921606284179765
2.9921606284179765
2.9921606284179765
2.99441124416316
2.99441124416316
2.99441124416316
2.99441124416316
2.9982398712429017
2.9982398712429017
2.9982398712429017
2.9982398712429017
2.9982398712429017
2.728962068869076
2.728962068869076
2.728962068869076
2.728962068869076
2.974022581438026
2.974022581438026
2.974022581438026
2.974022581438026
2.974022581438026
2.9630791585762357
2.9630791585762357
2.9630791585762357
2.9630791585762357
2.983151309927818
2.983151309927818
2.983151309927818
2.983151309927818
2.9975954423756095
2.9975954423756095
2.9975954423756095
2.9975954423756095
2.975912685796361
2.975912685796361
2.975912685796361
2.975912685796361
2.975912685796361
2.9586727269986355
2.9586727269986355
2.9586727269986355
2.9586727269986355
2.9532456988165157
2.9532456988165157
2.9532456988165157
2.9532456988165157
2.9971939384057897
2.9971939384057897
2.9971939384057897
2.9971939384057897
2.9971939384057897
2.9893778691586586
2.9893778691586586
2.9893778691586586
2.9893778691586586
2.9229322233516717
2.9229322233516717
2.9229322233516717
2.9229322233516717
2.9229322233516717
2.918604064838098
2.918604064838098
2.918604064838098
2.918604064838098
2.9579884555158378
2.9579884555158378
2.9579884555158378
2.9579884555158378
2.9579884555158378
2.8639735232870587
2.8639735232870587
2.8639735232870587
2.8639735232870587
2.910568768237745
2.910568768237745
2.910568768237745
2.910568768237745
2.9340634227752873
2.9340634227752873
2.9340634227752873
2.9340634227752873
2.9340634227752873
2.9625986418781913
2.9625986418781913
2.9625986418781913
2.9625986418781913
2.9683620847708974
2.9683620847708974
2.9683620847708974
2.9683620847708974
2.9828062880300523
2.9828062880300523
2.9828062880300523
2.9828062880300523
2.9828062880300523
3.011925137908488
3.011925137908488
3.011925137908488
3.011925137908488
2.9876593667969993
2.9876593667969993
2.9876593667969993
2.9876593667969993
3.0126277358686435
3.0126277358686435
3.0126277358686435
3.0126277358686435
3.0126277358686435
3.002963191400426
3.002963191400426
3.002963191400426
3.002963191400426
2.9933612728126313
2.9933612728126313
2.9933612728126313
2.9933612728126313
2.986267459712107
2.986267459712107
2.986267459712107
2.986267459712107
2.986267459712107
2.9881623972643414
2.9881623972643414
2.9881623972643414
2.9881623972643414
2.9923399774339954
2.9923399774339954
2.9923399774339954
2.9923399774339954
2.8612352575327007
2.8612352575327007
2.8612352575327007
2.8612352575327007
2.8612352575327007
2.9525702908562366
2.9525702908562366
2.9525702908562366
2.9525702908562366
2.9283982723403987
2.9283982723403987
2.9283982723403987
2.9283982723403987
2.9283982723403987
2.97162644974493
2.97162644974493
2.97162644974493
2.97162644974493
2.941613834811326
2.941613834811326
2.941613834811326
2.941613834811326
2.9176172297367193
2.9176172297367193
2.9176172297367193
2.9176172297367193
2.9176172297367193
2.944455330343952
2.944455330343952
2.944455330343952
2.944455330343952
2.9496982937293805
2.9496982937293805
2.9496982937293805
2.9496982937293805
2.9478362365734996
2.9478362365734996
2.9478362365734996
2.9478362365734996
2.9478362365734996
2.9159630886497525
2.9159630886497525
2.9159630886497525
2.9159630886497525
2.89524642860803
2.89524642860803
2.89524642860803
2.89524642860803
2.89524642860803
2.8991373661195974
2.8991373661195974
2.8991373661195974
2.8991373661195974
2.9072471239086792
2.9072471239086792
2.9072471239086792
2.9072471239086792
2.9072471239086792
2.9158176820150805
2.9158176820150805
2.9158176820150805
2.9158176820150805
2.8196308508189536
2.8196308508189536
2.8196308508189536
2.8196308508189536
2.8196308508189536
2.8906382746096306
2.8906382746096306
2.8906382746096306
2.8906382746096306
2.9102232421830108
2.9102232421830108
2.9102232421830108
2.9102232421830108
2.9102232421830108
2.8971752190905535
2.8971752190905535
2.8971752190905535
2.8971752190905535
2.9028335579245708
2.9028335579245708
2.9028335579245708
2.9028335579245708
2.9015230736560884
2.9015230736560884
2.9015230736560884
2.9015230736560884
2.9015230736560884
2.9090557616357526
2.9090557616357526
2.9090557616357526
2.9090557616357526
2.9212583039270257
2.9212583039270257
2.9212583039270257
2.9212583039270257
2.9212583039270257
2.937587605133017
2.937587605133017
2.937587605133017
2.937587605133017
2.9307339164801096
2.9307339164801096
2.9307339164801096
2.9307339164801096
2.9399202770342203
2.9399202770342203
2.9399202770342203
2.9399202770342203
2.9399202770342203
2.9669959092233498
2.9669959092233498
2.9669959092233498
2.9669959092233498
2.945638259614066
2.945638259614066
2.945638259614066
2.945638259614066
2.945638259614066
2.8533573087716086
2.8533573087716086
2.8533573087716086
2.8533573087716086
2.915309074578672
2.915309074578672
2.915309074578672
2.915309074578672
2.9702437232082257
2.9702437232082257
2.9702437232082257
2.9702437232082257
2.9702437232082257
2.9449609568182864
2.9449609568182864
2.9449609568182864
2.9449609568182864
2.904475721019913
2.904475721019913
2.904475721019913
2.904475721019913
2.904475721019913
2.913491140541379
2.913491140541379
2.913491140541379
2.913491140541379
2.9545832382931523
2.9545832382931523
2.9545832382931523
2.9545832382931523
2.9343903956229136
2.9343903956229136
2.9343903956229136
2.9343903956229136
2.9343903956229136
2.9501844162595345
2.9501844162595345
2.9501844162595345

